N3364 76.200152 939.80188 P 4.506795 4.506795 TsKrush
0 0.01
0.01 1493.5231
0.02 1507.3664
0.03 1521.2961
0.04 1535.3128
0.05 1549.4167
0.06 1563.6083
0.07 1577.8881
0.08 1592.2565
0.09 1606.7138
0.1 1621.2606
0.11 1635.8972
0.12 1650.624
0.13 1665.4415
0.14 1680.3502
0.15 1695.3503
0.16 1710.4425
0.17 1725.627
0.18 1740.9044
0.19 1756.2751
0.2 1771.7395
0.21 1787.298
0.22 1802.9512
0.23 1818.6994
0.24 1834.543
0.25 1850.4826
0.26 1866.5185
0.27 1882.6512
0.28 1898.8812
0.29 1915.209
0.3 1931.6348
0.31 1948.1593
0.32 1964.7829
0.33 1981.506
0.34 1998.3291
0.35 2015.2526
0.36 2032.277
0.37 2049.4028
0.38 2066.6304
0.39 2083.9603
0.4 2101.393
0.41 2118.9289
0.42 2136.5685
0.43 2154.3123
0.44 2172.1606
0.45 2190.1142
0.46 2208.1732
0.47 2226.3384
0.48 2244.6101
0.49 2262.9888
0.5 2281.475
0.51 2300.0692
0.52 2318.7719
0.53 2337.5835
0.54 2356.5046
0.55 2375.5356
0.56 2394.677
0.57 2413.9293
0.58 2433.2931
0.59 2452.7687
0.6 2472.3567
0.61 2492.0577
0.62 2511.872
0.63 2531.8002
0.64 2551.8428
0.65 2572.0003
0.66 2592.2732
0.67 2612.6621
0.68 2633.1673
0.69 2653.7895
0.7 2674.5291
0.71 2695.3867
0.72 2716.3628
0.73 2737.4578
0.74 2758.6724
0.75 2780.0069
0.76 2801.4621
0.77 2823.0383
0.78 2844.7361
0.79 2866.556
0.8 2888.4985
0.81 2910.5643
0.82 2932.7537
0.83 2955.0674
0.84 2977.5059
0.85 3000.0696
0.86 3022.7592
0.87 3045.5752
0.88 3068.5182
0.89 3091.5886
0.9 3114.787
0.91 3138.1139
0.92 3161.57
0.93 3185.1557
0.94 3208.8716
0.95 3232.7183
0.96 3256.6963
0.97 3280.8061
0.98 3305.0484
0.99 3329.4236
1.0 3353.9324
1.01 3378.5752
1.02 3403.3528
1.03 3428.2655
1.04 3453.314
1.05 3478.4989
1.06 3503.8208
1.07 3529.2801
1.08 3554.8775
1.09 3580.6136
1.1 3606.4889
1.11 3632.5039
1.12 3658.6594
1.13 3684.9558
1.14 3711.3938
1.15 3737.9739
1.16 3764.6968
1.17 3791.5629
1.18 3818.5729
1.19 3845.7275
1.2 3873.0271
1.21 3900.4723
1.22 3928.0639
1.23 3955.8023
1.24 3983.6882
1.25 4011.7222
1.26 4039.9048
1.27 4068.2368
1.28 4096.7186
1.29 4125.3509
1.3 4154.1343
1.31 4183.0695
1.32 4212.1569
1.33 4241.3974
1.34 4270.7914
1.35 4300.3395
1.36 4330.0425
1.37 4359.9009
1.38 4389.9154
1.39 4420.0866
1.4 4450.415
1.41 4480.9014
1.42 4511.5464
1.43 4542.3505
1.44 4573.3145
1.45 4604.439
1.46 4635.7246
1.47 4667.1719
1.48 4698.7816
1.49 4730.5544
1.5 4762.4908
1.51 4794.5916
1.52 4826.8573
1.53 4859.2887
1.54 4891.8864
1.55 4924.651
1.56 4957.5831
1.57 4990.6836
1.58 5023.9529
1.59 5057.3918
1.6 5091.001
1.61 5124.781
1.62 5158.7327
1.63 5192.8565
1.64 5227.1533
1.65 5261.6236
1.66 5296.2682
1.67 5331.0877
1.68 5366.0828
1.69 5401.2543
1.7 5436.6026
1.71 5472.1287
1.72 5507.8331
1.73 5543.7164
1.74 5579.7796
1.75 5616.0231
1.76 5652.4477
1.77 5689.0541
1.78 5725.843
1.79 5762.8151
1.8 5799.971
1.81 5837.3116
1.82 5874.8374
1.83 5912.5493
1.84 5950.4478
1.85 5988.5338
1.86 6026.8079
1.87 6065.2708
1.88 6103.9233
1.89 6142.7661
1.9 6181.7998
1.91 6221.0253
1.92 6260.4432
1.93 6300.0542
1.94 6339.8592
1.95 6379.8587
1.96 6420.0536
1.97 6460.4446
1.98 6501.0324
1.99 6502.0582
2.0 6419.8468
2.01 6338.0805
2.02 6256.7656
2.03 6175.9084
2.04 6095.515
2.05 6015.5914
2.06 5936.1435
2.07 5857.1768
2.08 5778.6969
2.09 5700.7092
2.1 5623.2189
2.11 5546.231
2.12 5469.7505
2.13 5393.782
2.14 5318.3303
2.15 5243.3998
2.16 5168.9947
2.17 5095.1193
2.18 5021.7776
2.19 4948.9733
2.2 4876.7103
2.21 4804.9921
2.22 4733.8221
2.23 4663.2035
2.24 4593.1396
2.25 4523.6333
2.26 4454.6875
2.27 4386.3048
2.28 4318.4878
2.29 4251.2389
2.3 4184.5604
2.31 4118.4544
2.32 4052.923
2.33 3987.9679
2.34 3923.591
2.35 3859.7937
2.36 3796.5777
2.37 3733.9441
2.38 3671.8942
2.39 3610.4291
2.4 3549.5496
2.41 3489.2566
2.42 3429.5508
2.43 3370.4327
2.44 3311.9028
2.45 3253.9613
2.46 3196.6085
2.47 3139.8443
2.48 3083.6689
2.49 3028.0819
2.5 2973.0832
2.51 2918.6722
2.52 2864.8486
2.53 2811.6117
2.54 2758.9607
2.55 2706.8948
2.56 2655.4131
2.57 2604.5145
2.58 2554.1979
2.59 2504.4619
2.6 2455.3054
2.61 2406.7267
2.62 2358.7244
2.63 2311.2968
2.64 2264.4422
2.65 2218.1587
2.66 2172.4444
2.67 2127.2973
2.68 2082.7154
2.69 2038.6963
2.7 1995.2379
2.71 1952.3378
2.72 1909.9936
2.73 1868.2027
2.74 1826.9627
2.75 1786.2707
2.76 1746.1242
2.77 1706.5202
2.78 1667.456
2.79 1628.9285
2.8 1590.9348
2.81 1553.4717
2.82 1516.5362
2.83 1480.1251
2.84 1444.235
2.85 1408.8626
2.86 1374.0047
2.87 1339.6577
2.88 1305.8182
2.89 1272.4825
2.9 1239.6473
2.91 1207.3087
2.92 1175.4632
2.93 1144.1069
2.94 1113.2362
2.95 1082.8472
2.96 1052.9361
2.97 1023.4989
2.98 994.5317
2.99 966.0307
3.0 937.9917
3.01 910.4107
3.02 883.2837
3.03 856.6066
3.04 830.3753
3.05 804.5856
3.06 779.2334
3.07 754.3143
3.08 729.8244
3.09 0.0
;
;
O8220 101.600203 1193.802388 P 12.253627 12.253627 O8220
0 0.01
0.01 4219.9096
0.02 4223.919
0.03 4243.4074
0.04 4266.4424
0.05 4289.7846
0.06 4313.5684
0.07 4338.7302
0.08 4362.8394
0.09 4387.2772
0.1 4411.9159
0.11 4437.2909
0.12 4463.1395
0.13 4488.9854
0.14 4516.0347
0.15 4542.5311
0.16 4568.9177
0.17 4595.8384
0.18 4621.4439
0.19 4647.8081
0.2 4674.3512
0.21 4701.1116
0.22 4727.4881
0.23 4754.4498
0.24 4781.8368
0.25 4809.6763
0.26 4836.6694
0.27 4864.1698
0.28 4891.7876
0.29 4918.953
0.3 4946.5261
0.31 4974.3092
0.32 5002.3864
0.33 5029.8681
0.34 5058.2064
0.35 5086.2356
0.36 5113.9406
0.37 5141.3565
0.38 5169.8026
0.39 5197.4365
0.4 5225.6845
0.41 5254.0041
0.42 5282.642
0.43 5311.1657
0.44 5340.2899
0.45 5368.9297
0.46 5397.6457
0.47 5426.4507
0.48 5454.9681
0.49 5484.088
0.5 5513.1243
0.51 5542.6397
0.52 5571.8686
0.53 5601.6661
0.54 5631.0235
0.55 5660.1347
0.56 5689.6193
0.57 5719.0598
0.58 5748.297
0.59 5777.8829
0.6 5808.1239
0.61 5837.4687
0.62 5867.7384
0.63 5897.9297
0.64 5927.9983
0.65 5958.4983
0.66 5988.9354
0.67 6019.485
0.68 6050.2097
0.69 6081.0023
0.7 6111.4222
0.71 6142.3381
0.72 6172.6828
0.73 6203.1701
0.74 6234.0791
0.75 6264.5543
0.76 6295.3087
0.77 6326.3573
0.78 6357.3293
0.79 6388.0043
0.8 6419.5272
0.81 6450.4343
0.82 6481.6218
0.83 6513.0503
0.84 6544.2745
0.85 6575.8001
0.86 6607.3988
0.87 6639.0153
0.88 6670.6654
0.89 6702.8131
0.9 6734.3258
0.91 6766.3273
0.92 6798.1445
0.93 6830.0168
0.94 6862.0419
0.95 6893.9584
0.96 6926.3381
0.97 6958.2657
0.98 6990.6017
0.99 7023.009
1.0 7055.044
1.01 7087.445
1.02 7119.9499
1.03 7152.3197
1.04 7184.8059
1.05 7217.5427
1.06 7250.068
1.07 7282.8543
1.08 7315.6907
1.09 7348.3022
1.1 7381.4706
1.11 7414.2097
1.12 7447.2592
1.13 7480.3832
1.14 7513.3636
1.15 7546.8724
1.16 7579.9082
1.17 7613.3012
1.18 7646.905
1.19 7680.2695
1.2 7713.7174
1.21 7747.3122
1.22 7780.8338
1.23 7814.3401
1.24 7848.101
1.25 7881.7611
1.26 7915.6714
1.27 7949.4981
1.28 7983.6387
1.29 8017.6585
1.3 8051.731
1.31 8086.0935
1.32 8120.244
1.33 8154.5927
1.34 8188.9925
1.35 8223.4511
1.36 8257.9232
1.37 8292.6465
1.38 8327.1904
1.39 8361.9789
1.4 8396.6068
1.41 8431.1401
1.42 8465.9045
1.43 8500.5769
1.44 8535.2682
1.45 8570.1432
1.46 8605.1129
1.47 8639.9299
1.48 8675.0984
1.49 8710.1566
1.5 8745.3167
1.51 8780.5857
1.52 8815.8862
1.53 8851.2103
1.54 8886.616
1.55 8921.909
1.56 8957.2046
1.57 8992.6696
1.58 9027.9754
1.59 9063.4344
1.6 9099.0228
1.61 9134.5753
1.62 9170.149
1.63 9205.9489
1.64 9241.661
1.65 9277.4596
1.66 9313.3606
1.67 9349.1946
1.68 9385.083
1.69 9420.9663
1.7 9456.8172
1.71 9492.7058
1.72 9528.7036
1.73 9564.6137
1.74 9600.6635
1.75 9636.7569
1.76 9672.8807
1.77 9709.017
1.78 9745.2582
1.79 9781.5583
1.8 9817.8506
1.81 9854.0871
1.82 9890.3861
1.83 9926.6739
1.84 9962.9217
1.85 9999.2735
1.86 10035.6325
1.87 10072.0292
1.88 10108.5064
1.89 10145.0265
1.9 10181.5182
1.91 10218.1825
1.92 10254.7753
1.93 10291.3733
1.94 10328.0043
1.95 10364.6443
1.96 10401.2223
1.97 10437.8972
1.98 10474.5636
1.99 10511.3102
2.0 10548.039
2.01 10584.842
2.02 10621.7046
2.03 10658.5841
2.04 10695.4473
2.05 10732.3458
2.06 10769.1781
2.07 10806.0393
2.08 10842.932
2.09 10879.8184
2.1 10916.774
2.11 10953.8064
2.12 10990.8308
2.13 11027.8903
2.14 11064.9808
2.15 11101.9844
2.16 11138.9955
2.17 11176.0209
2.18 11213.0853
2.19 11250.1805
2.2 11287.3287
2.21 11324.5087
2.22 11361.7275
2.23 11398.8862
2.24 11436.0582
2.25 11473.2088
2.26 11510.3675
2.27 11547.5629
2.28 11584.812
2.29 11622.0622
2.3 11655.1476
2.31 11505.2516
2.32 11184.3414
2.33 10920.3907
2.34 10580.2708
2.35 10414.5517
2.36 10346.8267
2.37 10310.3693
2.38 10272.9327
2.39 10236.6302
2.4 10212.7552
2.41 10196.6504
2.42 10170.8256
2.43 10142.484
2.44 10135.4265
2.45 10111.6211
2.46 10107.4002
2.47 10085.8033
2.48 10083.1429
2.49 10068.9523
2.5 10057.6057
2.51 10053.4122
2.52 10042.9136
2.53 10035.3953
2.54 10027.857
2.55 10024.479
2.56 10017.3983
2.57 10007.0249
2.58 10003.3774
2.59 10003.7487
2.6 10002.2972
2.61 9997.8932
2.62 9990.217
2.63 9985.9472
2.64 9980.6332
2.65 9979.4583
2.66 9980.8721
2.67 9976.7226
2.68 9975.8986
2.69 9971.6358
2.7 9964.2042
2.71 9965.5861
2.72 9966.3964
2.73 9969.2359
2.74 9970.0306
2.75 9968.6441
2.76 9966.4031
2.77 9965.021
2.78 9970.6698
2.79 9967.0811
2.8 9965.5365
2.81 9968.2834
2.82 9970.9583
2.83 9970.1435
2.84 9975.5781
2.85 9974.4428
2.86 9983.3675
2.87 9978.6067
2.88 9976.5246
2.89 9975.5407
2.9 9985.7866
2.91 9985.2822
2.92 9985.3956
2.93 9995.1014
2.94 9995.4481
2.95 9995.8832
2.96 10002.7878
2.97 9994.6413
2.98 9993.718
2.99 10004.3292
3.0 10002.5574
3.01 10012.0012
3.02 10008.0254
3.03 9573.3723
3.04 8737.5605
3.05 7989.4485
3.06 7932.4989
3.07 7953.0974
3.08 7973.707
3.09 7994.3278
3.1 8014.9595
3.11 8035.6022
3.12 8056.2557
3.13 8076.92
3.14 8097.5949
3.15 8118.2805
3.16 8138.9765
3.17 8159.6829
3.18 8180.3996
3.19 8201.1266
3.2 8221.8638
3.21 8242.611
3.22 8263.3683
3.23 8284.1354
3.24 8304.9124
3.25 8325.6991
3.26 8346.4954
3.27 8367.3014
3.28 8388.1168
3.29 8408.9417
3.3 8429.7759
3.31 8450.6193
3.32 8471.4719
3.33 8492.3336
3.34 8513.2043
3.35 8534.084
3.36 8554.9724
3.37 8575.8697
3.38 8596.7756
3.39 8617.6901
3.4 8638.6132
3.41 8659.5447
3.42 8680.4845
3.43 0.0
;
;
